,玉米,豆粕,豆油,棕榈油,焦炭,铁矿石,白糖,PTA,铜,铝,锌,镍,黄金,白银,螺纹钢
0,224006.0490568208,1696744.453680699,651635.5652288934,479216.9559178744,207775.1103749712,643497.3580975387,665881.1172302738,747646.8261617208,291351.3356395215,134587.843115942,146016.50888543823,243758.00566502623,191603.50250172534,460439.0800552105,2204001.91452726
1,222919.98697168365,2211102.828103499,716430.180777234,524485.1560621745,169269.96888867978,743730.5231047537,682314.2971725537,924281.0452093398,292669.31017054606,136747.2473727963,159364.04784647722,347655.0633672528,193084.12858397642,467940.8299109104,2408944.7565907524
2,275535.58362454775,2437435.687851601,690191.5112982831,524085.6656549971,131440.20572442855,904425.5933428489,646954.1879765565,1008941.0419312167,292089.4785797939,133018.44935692326,142505.30210803688,435995.7761142884,193617.2259614781,489149.6402801305,2522484.546773637
3,497799.9247232095,2336209.191391906,654346.6815908445,559401.6590256788,117285.78855978492,1050266.9712529017,615806.0278536184,1018839.6560690942,280639.4040077428,143894.0833205087,140522.75378870915,480652.5706892396,194025.54717996554,448837.4688749017,2418767.295186335
4,720251.7117703109,2206769.618173307,644667.2421584772,601533.7062177077,127684.84973128249,1279804.7766574912,675884.0689768068,960424.1872587078,272319.22828310507,169901.36124925266,151812.41514136616,524283.64185927325,209809.97112320224,464638.6494606506,2619171.989660973
5,930192.6934206653,1894954.7804137236,627200.7664997157,589895.2134923172,149635.78205608332,1355423.4395315733,735202.8344796613,908800.6496293083,266485.2013366216,201248.49446651852,160308.87647363296,522238.8008703987,236738.5246475764,496108.6225345573,2664207.655672015
6,1244413.995422046,1808075.7614868777,658034.6974175903,592209.1384233042,163139.52339493769,1357705.9136108758,792246.1484375633,987054.032738349,269396.5892765802,217637.27476327485,185621.576663419,508812.66793389077,271241.28168691386,527808.75191689,2666411.1024283986
7,1408914.13155703,1878864.920100853,707271.1151871983,584943.0580486542,207701.31521386222,1321162.6178136177,811688.4215956145,1183735.278905907,258483.00140575005,222728.87541368653,205006.43469595016,512606.43009159586,290546.49651640625,573438.8192997522,2633570.576842179
8,1764203.9341893308,2053938.6218584655,733416.2588173401,556494.2370936329,201002.24710654686,1212872.1925217498,683955.8224841583,1537621.323320158,238682.1506957515,231961.9246149382,206358.12509267102,489477.1999618029,305696.4064005741,630303.7358557102,2517882.2881060867
9,1979825.56628618,2040989.9665847134,730161.5948996958,544933.1920453239,190079.76535239592,1302596.7739974798,589213.3355103832,1735013.3654986722,217688.54981583435,236887.2796413932,233242.0542392089,483729.4493506493,297158.119363537,610447.0689474979,2568635.614417336
10,1896015.0995787326,2034874.33191033,736708.2794376215,559702.3860364778,212843.55701906257,1441284.145642502,571149.179514085,1836263.7649512729,204771.16622056486,257635.49462351258,239881.33536882803,490636.5238095238,297054.358638272,597266.7115709372,2924269.202151824
